26
81
54
66
17
7
54
78
13
42
61
10
97
25
98
86
59
10
94
31
26
63
50
70
34
23
47
55
27
39
29
8
96
64
67
90
24
36
23
66
57
77
95
96
23
84
36
88
92
47
61
33
41
91
52
97
65
54
87
89
43
9
25
6
12
72
5
21
59
89
13
73
60
80
75
65
29
47
27
15
9
80
65
26
92
91
21
94
45
17
36
77
19
69
46
83
82
8
96
57
48
77
33
23
54
37
59
65
2
81
57
55
95
96
37
28
87
39
48
2
37
33
81
7
25
99
18
22
35
80
23
89
14
86
38
67
100
22
97
9
76
12
31
95
48
55
9
20
60
17
99
9
78
4
97
65
91
72
27
60
66
78
82
48
74
61
93
32
35
24
89
41
75
69
34
85
90
28
83
47
18
61
37
78
18
29
80
71
79
5
15
6
67
27
36
18
30
99
59
32
90
75
48
55
23
22
61
51
19
43
17
73
20
3
50
55
79
68
63
96
85
52
87
14
44
2
33
85
8
96
66
87
95
94
81
22
91
75
77
64
97
60
82
32
41
67
90
54
48
30
56
56
35
74
99
70
51
33
93
39
78
63
59
33
68
90
76
87
16
21
96
69
87
69
80
91
31
93
84
17
37
91
22
67
83
97
1
82
49
99
61
26
81
29
55
90
80
84
54
12
80
26
83
17
97
60
43
27
59
69
15
93
27
61
68
12
93
9
83
71
38
60
34
62
50
67
41
91
6
55
76
3
25
99
10
43
34
15
70
37
94
78
17
68
49
77
5
93
10
41
46
88
74
30
82
81
60
32
25
96
99
68
34
53
98
4
75
87
27
96
52
23
52
16
7
79
82
7
49
60
23
46
74
17
27
83
62
91
12
72
10
52
20
31
26
31
68
25
87
82
9
91
1
51
86
32
15
6
29
75
98
24
61
23
95
10
49
52
51
33
6
18
38
54
26
21
17
31
49
8
15
26
91
24
10
85
62
12
61
23
69
76
78
15
79
3
60
58
35
15
61
59
100
76
51
85
77
40
81
47
84
22
47
20
43
38
9
5
63
20
30
71
30
9
29
10
9
60
94
20
30
95
39
3
14
54
78
69
26
86
62
55
37
93
61
37
27
78
6
34
66
13
12
21
81
46
38
49
66
68
93
2
24
11
94
5
68
98
42
83
64
68
12
70
45
51
26
69
33
13
56
72
65
61
50
3
92
32
31
67
34
88
74
49
89
80
100
91
37
57
79
44
76
6
22
78
45
98
89
10
28
92
70
10
54
88
19
43
17
44
73
97
31
9
22
80
81
43
64
52
61
28
36
64
44
47
6
51
84
33
73
94
8
31
79
84
77
38
95
4
12
37
24
5
40
34
53
19
74
4
2
47
12
75
64
46
81
6
100
14
9
93
31
62
86
64
20
71
43
82
77
91
15
3
82
83
76
44
12
68
10
88
86
43
67
32
28
95
9
61
54
51
42
98
66
35
75
35
98
74
17
73
55
20
5
28
36
68
96
78
38
1
61
76
14
57
5
81
10
60
23
55
92
63
32
41
41
52
27
33
50
84
54
23
43
62
79
62
9
63
14
44
70
93
16
65
74
14
64
57
43
14
5
61
17
48
87
59
42
60
10
49
87
92
83
90
61
17
33
54
57
5
84
77
89
80
21
97
85
67
30
87
12
83
19
64
82
45
32
5
26
51
80
31
44
30
29
73
96
89
56
47
100
95
84
72
21
25
48
9
86
33
82
47
15
28
81
78
6
71
73
31
14
17
64
90
71
72
22
68
96
11
59
11
5
13
40
38
17
92
55
23
59
76
32
93
12
52
34
67
96
71
94
28
44
87
29
51
46
41
99
35
98
62
80
78
37
60
56
95
72
73
38
43
17
91
7
51
51
100
60
97
62
21
43
8
29
61
83
71
31
74
49
59
51
75
80
43
90
75
79
57
43
85
72
96
72
17
71
83
5
3
90
59
40
73
51
65
71
41
92
67
98
77
67
97
25
88
48
68
31
28
8
65
94
99
25
52
36
3
2
16
38
61
9
65
74
57
87
34
83
42
33
28
24
27
25
83
13
20
93
51
89
100
39
73
33
10
72
15
50
63
17
65
82
45
8
56
50
68
52
44
53
58
24
9
10
74
10
84
57
53
77
48
22
88
35
29
38
43
78
24
96
7
96
85
26
17
91
11
71
49
25
40
11
66
41
65
26
11
71
37
52
6
45
71
2
12
77
45
10
45
5
90
67
39
50
37
28
46
